Feature ID	MC1	MC2	Normal		log2(MC1)	log2(MC2)	mean of MC		log2(normal)/mean		Fold Change
mir4743 	1	1	1		0	0	0		0		0
mir2681 	1	2	1		0	1	0.5		0		-0.5
mir5706 	1	2	1		0	1	0.5		0		-0.5
mir548h1 	1	3	1		0	1.584962501	0.79248125		0		-0.79248125
mir4794 	1	4	1		0	2	1		0		-1
mir5010 	1	4	1		0	2	1		0		-1
mir4755 	1	7	1		0	2.807354922	1.403677461		0		-1.403677461
mir3944 	1	1	2		0	0	0		1		1
mir5095 	1	1	2		0	0	0		1		1
mir5587 	1	1	2		0	0	0		1		1
mir588 	1	1	2		0	0	0		1		1
mir573 	1	2	2		0	1	0.5		1		0.5
mir3192 	1	3	2		0	1.584962501	0.79248125		1		0.20751875
mir1228 	1	1	3		0	0	0		1.584962501		1.584962501
mir4665 	1	1	7		0	0	0		2.807354922		2.807354922
mir4709 	1	1	9		0	0	0		3.169925001		3.169925001
mir770 	1	1	9		0	0	0		3.169925001		3.169925001
mir1323 	1	1	10		0	0	0		3.321928095		3.321928095
mir222 	1	1	13		0	0	0		3.700439718		3.700439718
mir12702 	1	1	20		0	0	0		4.321928095		4.321928095
mir29b1 	1	2	20		0	1	0.5		4.321928095		3.821928095
mir3129 	1	1	22		0	0	0		4.459431619		4.459431619
mir516b2 	1	1	22		0	0	0		4.459431619		4.459431619
mir526b 	1	3	22		0	1.584962501	0.79248125		4.459431619		3.666950368
mir383 	1	1	450		0	0	0		8.813781191		8.813781191
mir136 	1	72	5549		0	6.169925001	3.084962501		12.43801209		9.353049587
mir205 	1	1	173827		0	0	0		17.40729266		17.40729266
mir1256 	2	1	1		1	0	0.5		0		-0.5
mir4651 	2	1	1		1	0	0.5		0		-0.5
mir4796 	2	1	1		1	0	0.5		0		-0.5
mir548am 	2	1	1		1	0	0.5		0		-0.5
mir548c 	2	2	1		1	1	1		0		-1
mir36801 	2	3	1		1	1.584962501	1.29248125		0		-1.29248125
mir4671 	2	4	1		1	2	1.5		0		-1.5
mir4686 	2	1	2		1	0	0.5		1		0.5
mir5091 	2	1	2		1	0	0.5		1		0.5
mir4423 	2	1	2		1	0	0.5		1		0.5
mir4749 	2	1	2		1	0	0.5		1		0.5
mir518e 	2	1	2		1	0	0.5		1		0.5
mir1909 	2	2	2		1	1	1		1		0
mir4647 	2	2	2		1	1	1		1		0
mir5094 	2	3	2		1	1.584962501	1.29248125		1		-0.29248125
mir548t 	2	3	2		1	1.584962501	1.29248125		1		-0.29248125
mir4733 	2	5	2		1	2.321928095	1.660964047		1		-0.660964047
mir4520a 	2	1	3		1	0	0.5		1.584962501		1.084962501
mir4498 	2	1	3		1	0	0.5		1.584962501		1.084962501
mir4638 	2	1	3		1	0	0.5		1.584962501		1.084962501
mir5002 	2	4	3		1	2	1.5		1.584962501		0.084962501
mir1226 	2	1	4		1	0	0.5		2		1.5
mir3916 	2	1	4		1	0	0.5		2		1.5
mir1255b1 	2	6	5		1	2.584962501	1.79248125		2.321928095		0.529446845
mir3170 	2	1	6		1	0	0.5		2.584962501		2.084962501
mir31804 	2	6	6		1	2.584962501	1.79248125		2.584962501		0.79248125
mir548ak 	2	1	7		1	0	0.5		2.807354922		2.307354922
mir3152 	2	2	7		1	1	1		2.807354922		1.807354922
mir4767 	2	1	8		1	0	0.5		3		2.5
mir12701 	2	1	12		1	0	0.5		3.584962501		3.084962501
mir615 	2	3	21		1	1.584962501	1.29248125		4.392317423		3.099836172
mir3196 	2	1	43		1	0	0.5		5.426264755		4.926264755
mir216a 	2	4	44		1	2	1.5		5.459431619		3.959431619
mir2115 	2	1	58		1	0	0.5		5.857980995		5.357980995
mir380 	2	4	101		1	2	1.5		6.658211483		5.158211483
mir3195 	2	3	202		1	1.584962501	1.29248125		7.658211483		6.365730232
mir3193 	3	1	1		1.584962501	0	0.79248125		0		-0.79248125
mir5096 	3	1.5	1		1.584962501	0.584962501	1.084962501		0		-1.084962501
mir4786 	3	2	1		1.584962501	1	1.29248125		0		-1.29248125
mir5697 	3	3	1		1.584962501	1.584962501	1.584962501		0		-1.584962501
mir767 	3	3	1		1.584962501	1.584962501	1.584962501		0		-1.584962501
mir1910 	3	4	1		1.584962501	2	1.79248125		0		-1.79248125
mir4424 	3	4	1		1.584962501	2	1.79248125		0		-1.79248125
mir3911 	3	5	1		1.584962501	2.321928095	1.953445298		0		-1.953445298
mir548ar 	3	5	1		1.584962501	2.321928095	1.953445298		0		-1.953445298
mir3685 	3	7	1		1.584962501	2.807354922	2.196158711		0		-2.196158711
mir1284 	3	3	2		1.584962501	1.584962501	1.584962501		1		-0.584962501
mir4654 	3	3	2		1.584962501	1.584962501	1.584962501		1		-0.584962501
mir548av 	3	3	2		1.584962501	1.584962501	1.584962501		1		-0.584962501
mir31301 	3	4	3		1.584962501	2	1.79248125		1.584962501		-0.20751875
mir31302 	3	4	3		1.584962501	2	1.79248125		1.584962501		-0.20751875
mir5090 	3	4	3		1.584962501	2	1.79248125		1.584962501		-0.20751875
mir4664 	3	5	3		1.584962501	2.321928095	1.953445298		1.584962501		-0.368482797
mir3174 	3	5	4		1.584962501	2.321928095	1.953445298		2		0.046554702
mir1245b 	3	1	6		1.584962501	0	0.79248125		2.584962501		1.79248125
mir31805 	3	4	6		1.584962501	2	1.79248125		2.584962501		0.79248125
mir4511 	3	6	8		1.584962501	2.584962501	2.084962501		3		0.915037499
mir4792 	3	1.5	11		1.584962501	0.584962501	1.084962501		3.459431619		2.374469118
mir1294 	3	5	27		1.584962501	2.321928095	1.953445298		4.754887502		2.801442204
mir1262 	3	3	36		1.584962501	1.584962501	1.584962501		5.169925001		3.584962501
mir11852 	3	5	39		1.584962501	2.321928095	1.953445298		5.285402219		3.331956921
mir11851 	3	2	43		1.584962501	1	1.29248125		5.426264755		4.133783504
mir516b1 	3	3	50		1.584962501	1.584962501	1.584962501		5.64385619		4.058893689
mir539 	3	6	159		1.584962501	2.584962501	2.084962501		7.312882955		5.227920455
mir548an 	4	1	1		2	0	1		0		-1
mir4670 	4	3	1		2	1.584962501	1.79248125		0		-1.79248125
mir3545 	4	3	1		2	1.584962501	1.79248125		0		-1.79248125
mir4803 	4	7	1		2	2.807354922	2.403677461		0		-2.403677461
mir548o2 	4	1	2		2	0	1		1		0
mir1914 	4	2	2		2	1	1.5		1		-0.5
mir1276 	4	4	2		2	2	2		1		-1
mir4661 	4	10	2		2	3.321928095	2.660964047		1		-1.660964047
mir5001 	4	3	4		2	1.584962501	1.79248125		2		0.20751875
mir1255b2 	4	8	4		2	3	2.5		2		-0.5
mir4667 	4	1	5		2	0	1		2.321928095		1.321928095
mir2192 	4	7	5		2	2.807354922	2.403677461		2.321928095		-0.081749366
mir4726 	4	4	7		2	2	2		2.807354922		0.807354922
mir516a2 	4	5	24		2	2.321928095	2.160964047		4.584962501		2.423998453
mir516a1 	4	4	26		2	2	2		4.700439718		2.700439718
mir4488 	4	2	49		2	1	1.5		5.614709844		4.114709844
mir376a1 	4	5	153		2	2.321928095	2.160964047		7.257387843		5.096423795
mir561 	4	1	170		2	0	1		7.409390936		6.409390936
mir4417 	5	2.5	1		2.321928095	1.321928095	1.821928095		0		-1.821928095
mir1253 	5	3	1		2.321928095	1.584962501	1.953445298		0		-1.953445298
mir548h2 	5	4	1		2.321928095	2	2.160964047		0		-2.160964047
mir3925 	5	4	1		2.321928095	2	2.160964047		0		-2.160964047
mir548ai 	5	4	1		2.321928095	2	2.160964047		0		-2.160964047
mir570 	5	5	1		2.321928095	2.321928095	2.321928095		0		-2.321928095
mir548y 	5	9	1		2.321928095	3.169925001	2.745926548		0		-2.745926548
mir3661 	5	3	3		2.321928095	1.584962501	1.953445298		1.584962501		-0.368482797
mir4478 	5	4	3		2.321928095	2	2.160964047		1.584962501		-0.576001547
mir581 	5	3	4		2.321928095	1.584962501	1.953445298		2		0.046554702
mir5009 	5	8	4		2.321928095	3	2.660964047		2		-0.660964047
mir4705 	5	5	6		2.321928095	2.321928095	2.321928095		2.584962501		0.263034406
mir1248 	5	3	7		2.321928095	1.584962501	1.953445298		2.807354922		0.853909624
mir1382 	5	8	7		2.321928095	3	2.660964047		2.807354922		0.146390875
mir4455 	5	3	11		2.321928095	1.584962501	1.953445298		3.459431619		1.505986321
mir12542 	5	9	22		2.321928095	3.169925001	2.745926548		4.459431619		1.71350507
mir29a 	5	4	64		2.321928095	2	2.160964047		6		3.839035953
mir488 	5	7	64		2.321928095	2.807354922	2.564641508		6		3.435358492
mir2114 	6	2	1		2.584962501	1	1.79248125		0		-1.79248125
mir4430 	6	2	1		2.584962501	1	1.79248125		0		-1.79248125
mir545 	6	5	1		2.584962501	2.321928095	2.453445298		0		-2.453445298
mir5698 	6	5	1		2.584962501	2.321928095	2.453445298		0		-2.453445298
mir3677 	6	9	1		2.584962501	3.169925001	2.877443751		0		-2.877443751
mir2467 	6	15	1		2.584962501	3.906890596	3.245926548		0		-3.245926548
mir548g 	6	3	2		2.584962501	1.584962501	2.084962501		1		-1.084962501
mir548ag1 	6	6	2		2.584962501	2.584962501	2.584962501		1		-1.584962501
mir3607 	6	5	3		2.584962501	2.321928095	2.453445298		1.584962501		-0.868482797
mir3942 	6	14	3		2.584962501	3.807354922	3.196158711		1.584962501		-1.611196211
mir4660 	6	1	4		2.584962501	0	1.29248125		2		0.70751875
mir1298 	6	3	4		2.584962501	1.584962501	2.084962501		2		-0.084962501
mir3124 	6	10	4		2.584962501	3.321928095	2.953445298		2		-0.953445298
mir548au 	6	12	4		2.584962501	3.584962501	3.084962501		2		-1.084962501
mir12851 	6	19	4		2.584962501	4.247927513	3.416445007		2		-1.416445007
mir766 	6	5	8		2.584962501	2.321928095	2.453445298		3		0.546554702
mir1304 	6	1	12		2.584962501	0	1.29248125		3.584962501		2.29248125
mir378h 	6	10	79		2.584962501	3.321928095	2.953445298		6.303780748		3.35033545
mir3619 	7	4	1		2.807354922	2	2.403677461		0		-2.403677461
mir5690 	7	7	1		2.807354922	2.807354922	2.807354922		0		-2.807354922
mir609 	7	1	3		2.807354922	0	1.403677461		1.584962501		0.18128504
mir3165 	7	3	4		2.807354922	1.584962501	2.196158711		2		-0.196158711
mir3136 	7	15	5		2.807354922	3.906890596	3.357122759		2.321928095		-1.035194664
mir1908 	7	5	7		2.807354922	2.321928095	2.564641508		2.807354922		0.242713414
mir939 	7	8	10		2.807354922	3	2.903677461		3.321928095		0.418250634
mir4524a 	7	9	11		2.807354922	3.169925001	2.988639962		3.459431619		0.470791657
mir122 	7	7	21		2.807354922	2.807354922	2.807354922		4.392317423		1.584962501
mir548q 	7	3.5	23		2.807354922	1.807354922	2.307354922		4.523561956		2.216207034
mir33b 	7	16	36		2.807354922	4	3.403677461		5.169925001		1.76624754
mir23a 	7	16	50		2.807354922	4	3.403677461		5.64385619		2.240178729
mir1268a 	7	10	60		2.807354922	3.321928095	3.064641508		5.906890596		2.842249087
mir4516 	7	8	77		2.807354922	3	2.903677461		6.266786541		3.36310908
mir4532 	7	3.5	168		2.807354922	1.807354922	2.307354922		7.392317423		5.084962501
mir296 	7	10	216		2.807354922	3.321928095	3.064641508		7.754887502		4.690245994
mir4510 	7	8	332		2.807354922	3	2.903677461		8.375039431		5.47136197
mir3139 	8	6	2		3	2.584962501	2.79248125		1		-1.79248125
mir4804 	8	8	7		3	3	3		2.807354922		-0.192645078
mir197 	8	3	8		3	1.584962501	2.29248125		3		0.70751875
mir365a 	8	15	104		3	3.906890596	3.453445298		6.700439718		3.24699442
mir3131 	9	5	1		3.169925001	2.321928095	2.745926548		0		-2.745926548
mir1243 	9	11	1		3.169925001	3.459431619	3.31467831		0		-3.31467831
mir499b 	9	13	1		3.169925001	3.700439718	3.43518236		0		-3.43518236
mir5696 	9	3	6		3.169925001	1.584962501	2.377443751		2.584962501		0.20751875
mir3676 	9	8	12		3.169925001	3	3.084962501		3.584962501		0.5
mir675 	9	14	68		3.169925001	3.807354922	3.488639962		6.087462841		2.59882288
mir365b 	9	17	129		3.169925001	4.087462841	3.628693921		7.011227255		3.382533334
mir4778 	10	9	1		3.321928095	3.169925001	3.245926548		0		-3.245926548
mir449b 	10	13	1		3.321928095	3.700439718	3.511183907		0		-3.511183907
mir548w 	10	7	5		3.321928095	2.807354922	3.064641508		2.321928095		-0.742713414
mir5000 	10	20	5		3.321928095	4.321928095	3.821928095		2.321928095		-1.5
mir2278 	10	8	11		3.321928095	3	3.160964047		3.459431619		0.298467571
mir548aw 	10	8	13		3.321928095	3	3.160964047		3.700439718		0.539475671
mir5093 	10	5	17		3.321928095	2.321928095	2.821928095		4.087462841		1.265534746
mir12541 	10	4	23		3.321928095	2	2.660964047		4.523561956		1.862597909
mir644b 	10	8	24		3.321928095	3	3.160964047		4.584962501		1.423998453
mir5112 	10	13	102		3.321928095	3.700439718	3.511183907		6.672425342		3.161241435
mir5111 	10	11	111		3.321928095	3.459431619	3.390679857		6.794415866		3.40373601
mir1242 	11	10	1		3.459431619	3.321928095	3.390679857		0		-3.390679857
mir1241 	11	11	1		3.459431619	3.459431619	3.459431619		0		-3.459431619
mir3150a 	11	22	1		3.459431619	4.459431619	3.959431619		0		-3.959431619
mir3145 	11	8	3		3.459431619	3	3.229715809		1.584962501		-1.644753309
mir4742 	11	3	6		3.459431619	1.584962501	2.52219706		2.584962501		0.062765441
mir3664 	11	4	8		3.459431619	2	2.729715809		3		0.270284191
mir3157 	11	15	8		3.459431619	3.906890596	3.683161107		3		-0.683161107
mir1273c 	11	23	16		3.459431619	4.523561956	3.991496787		4		0.008503213
mir3691 	12	6	1		3.584962501	2.584962501	3.084962501		0		-3.084962501
mir676 	12	17	2		3.584962501	4.087462841	3.836212671		1		-2.836212671
mir548i4 	12	19	3		3.584962501	4.247927513	3.916445007		1.584962501		-2.331482506
mir505 	12	22	25		3.584962501	4.459431619	4.02219706		4.64385619		0.62165913
mir34b 	13	11	8		3.700439718	3.459431619	3.579935668		3		-0.579935668
mir582 	13	14	60		3.700439718	3.807354922	3.75389732		5.906890596		2.152993276
mir217 	13	14	91		3.700439718	3.807354922	3.75389732		6.50779464		2.75389732
mir193b 	13	9	241		3.700439718	3.169925001	3.43518236		7.912889336		4.477706976
mir377 	13	7	803		3.700439718	2.807354922	3.25389732		9.649256178		6.395358857
mir548l 	14	12	2		3.807354922	3.584962501	3.696158711		1		-2.696158711
mir548i2 	14	16	2		3.807354922	4	3.903677461		1		-2.903677461
mir616 	14	8	7		3.807354922	3	3.403677461		2.807354922		-0.596322539
mir548ag2 	14	16	7		3.807354922	4	3.903677461		2.807354922		-1.096322539
mir3128 	15	9	1		3.906890596	3.169925001	3.538407799		0		-3.538407799
mir1257 	15	7	2		3.906890596	2.807354922	3.357122759		1		-2.357122759
mir3115 	15	17	2		3.906890596	4.087462841	3.997176718		1		-2.997176718
mir548i3 	15	19	2		3.906890596	4.247927513	4.077409055		1		-3.077409055
mir548i1 	15	22	4		3.906890596	4.459431619	4.183161107		2		-2.183161107
mir3064 	15	6	9		3.906890596	2.584962501	3.245926548		3.169925001		-0.076001547
mir624 	15	22	20		3.906890596	4.459431619	4.183161107		4.321928095		0.138766988
mir542 	15	19	197		3.906890596	4.247927513	4.077409055		7.622051819		3.544642765
mir4775 	16	4	5		4	2	3		2.321928095		-0.678071905
mir4517 	16	7	5		4	2.807354922	3.403677461		2.321928095		-1.081749366
mir1292 	16	13	31		4	3.700439718	3.850219859		4.95419631		1.103976451
mir135a1 	16	12	478		4	3.584962501	3.79248125		8.900866808		5.108385558
mir154 	16	12	854		4	3.584962501	3.79248125		9.73809226		5.945611009
mir4750 	17	16	3		4.087462841	4	4.043731421		1.584962501		-2.45876892
mir4662a 	17	8	16		4.087462841	3	3.543731421		4		0.456268579
mir3605 	17	9	25		4.087462841	3.169925001	3.628693921		4.64385619		1.015162268
mir551b 	18	13	2		4.169925001	3.700439718	3.93518236		1		-2.93518236
mir3200 	18	18	5		4.169925001	4.169925001	4.169925001		2.321928095		-1.847996907
mir135a2 	18	10	479		4.169925001	3.321928095	3.745926548		8.903881846		5.157955298
mir3679 	19	25	5		4.247927513	4.64385619	4.445891852		2.321928095		-2.123963757
mir431 	19	18	144		4.247927513	4.169925001	4.208926257		7.169925001		2.960998744
mir4677 	20	13	8		4.321928095	3.700439718	4.011183907		3		-1.011183907
mir1381 	20	17	41		4.321928095	4.087462841	4.204695468		5.357552005		1.152856537
mir223 	20	13	120		4.321928095	3.700439718	4.011183907		6.906890596		2.895706689
mir4788 	21	14	2		4.392317423	3.807354922	4.099836172		1		-3.099836172
mir3173 	21	23	7		4.392317423	4.523561956	4.457939689		2.807354922		-1.650584767
mir4429 	22	36	13		4.459431619	5.169925001	4.81467831		3.700439718		-1.114238592
mir659 	23	22	1		4.523561956	4.459431619	4.491496787		0		-4.491496787
mir548j 	23	19	7		4.523561956	4.247927513	4.385744735		2.807354922		-1.578389813
mir299 	23	12	361		4.523561956	3.584962501	4.054262228		8.495855027		4.441592798
mir1255a 	24	24	28		4.584962501	4.584962501	4.584962501		4.807354922		0.222392421
mir337 	24	17	371		4.584962501	4.087462841	4.336212671		8.535275377		4.199062706
mir422a 	24	33	524		4.584962501	5.044394119	4.81467831		9.033423002		4.218744691
mir204 	24	23	1382		4.584962501	4.523561956	4.554262228		10.4325419		5.878279672
mir4645 	25	27	5		4.64385619	4.754887502	4.699371846		2.321928095		-2.377443751
mir4443 	25	25	67		4.64385619	4.64385619	4.64385619		6.06608919		1.422233001
mir1011 	25	67	89		4.64385619	6.06608919	5.35497269		6.475733431		1.120760741
mir1269b 	29	42	2		4.857980995	5.392317423	5.125149209		1		-4.125149209
mir363 	29	45	2		4.857980995	5.491853096	5.174917046		1		-4.174917046
mir1266 	29	26	24		4.857980995	4.700439718	4.779210357		4.584962501		-0.194247856
mir3187 	30	29	2		4.906890596	4.857980995	4.882435795		1		-3.882435795
mir485 	30	19	1632		4.906890596	4.247927513	4.577409055		10.67242534		6.095016287
mir4713 	31	19	1		4.95419631	4.247927513	4.601061912		0		-4.601061912
mir2964a 	31	6	4		4.95419631	2.584962501	3.769579406		2		-1.769579406
mir4508 	31	11	237		4.95419631	3.459431619	4.206813965		7.888743249		3.681929284
mir500b 	32	26	3		5	4.700439718	4.850219859		1.584962501		-3.265257358
mir103a2 	32	34	20		5	5.087462841	5.043731421		4.321928095		-0.721803326
mir378g 	32	33	576		5	5.044394119	5.02219706		9.169925001		4.147727942
mir4639 	33	40	5		5.044394119	5.321928095	5.183161107		2.321928095		-2.861233012
mir4326 	35	26	9		5.129283017	4.700439718	4.914861368		3.169925001		-1.744936366
mir1261 	37	36	27		5.209453366	5.169925001	5.189689184		4.754887502		-0.434801681
mir483 	37	36	175		5.209453366	5.169925001	5.189689184		7.451211112		2.261521928
mir597 	38	46	10		5.247927513	5.523561956	5.385744735		3.321928095		-2.06381664
mir627 	38	37	28		5.247927513	5.209453366	5.22869044		4.807354922		-0.421335517
mir378c 	38	42	777		5.247927513	5.392317423	5.320122468		9.601770788		4.28164832
mir29b2 	39	44	287		5.285402219	5.459431619	5.372416919		8.164906927		2.792490008
mir369 	39	34	893		5.285402219	5.087462841	5.18643253		9.802516365		4.616083835
mir5579 	43	42	2		5.426264755	5.392317423	5.409291089		1		-4.409291089
mir378a 	44	74	623		5.459431619	6.209453366	5.834442492		9.283088353		3.448645861
mir1224 	45	28	1		5.491853096	4.807354922	5.149604009		0		-5.149604009
mir3127 	46	44	8		5.523561956	5.459431619	5.491496787		3		-2.491496787
mir550a3 	46	36	22		5.523561956	5.169925001	5.346743479		4.459431619		-0.88731186
mir342 	46	45	493		5.523561956	5.491853096	5.507707526		8.945443836		3.43773631
mir4497 	50	34	454		5.64385619	5.087462841	5.365659516		8.826548487		3.460888972
mir19b1 	51	57	33		5.672425342	5.832890014	5.752657678		5.044394119		-0.708263559
mir2355 	53	64	24		5.727920455	6	5.863960227		4.584962501		-1.278997727
mir3622a 	53	52	51		5.727920455	5.700439718	5.714180086		5.672425342		-0.041754744
mir3616 	54	68	2		5.754887502	6.087462841	5.921175172		1		-4.921175172
mir4999 	55	46	14		5.781359714	5.523561956	5.652460835		3.807354922		-1.845105913
mir3133 	57	46	9		5.832890014	5.523561956	5.678225985		3.169925001		-2.508300984
mir4760 	59	41	1		5.882643049	5.357552005	5.620097527		0		-5.620097527
mir584 	59	37	256		5.882643049	5.209453366	5.546048207		8		2.453951793
mir18b 	60	51	1		5.906890596	5.672425342	5.789657969		0		-5.789657969
mir346 	64	72	22		6	6.169925001	6.084962501		4.459431619		-1.625530882
mir29c 	65	54	407		6.022367813	5.754887502	5.888627658		8.668884984		2.780257327
mir934 	65	47	1249		6.022367813	5.554588852	5.788478332		10.28655776		4.498079429
mir548d2 	69	52	7		6.108524457	5.700439718	5.904482087		2.807354922		-3.097127165
mir3182 	69	31	251		6.108524457	4.95419631	5.531360384		7.971543554		2.44018317
mir92a1 	70	35	179		6.129283017	5.129283017	5.629283017		7.483815777		1.85453276
mir548d1 	71	60	8		6.14974712	5.906890596	6.028318858		3		-3.028318858
mir241 	72	260	162		6.169925001	8.022367813	7.096146407		7.339850003		0.243703596
mir1291 	72	50	289		6.169925001	5.64385619	5.906890596		8.174925683		2.268035087
mir1275 	76	45	452		6.247927513	5.491853096	5.869890305		8.820178962		2.950288658
mir3934 	83	67	61		6.375039431	6.06608919	6.220564311		5.930737338		-0.289826973
mir4746 	86	83	5		6.426264755	6.375039431	6.400652093		2.321928095		-4.078723998
mir550a2 	86	77	20		6.426264755	6.266786541	6.346525648		4.321928095		-2.024597553
mir641 	87	79	26		6.442943496	6.303780748	6.373362122		4.700439718		-1.672922404
mir548ab 	87	78	31		6.442943496	6.285402219	6.364172857		4.95419631		-1.409976547
mir2191 	87	62	40		6.442943496	5.95419631	6.198569903		5.321928095		-0.876641808
mir550a1 	91	71	21		6.50779464	6.14974712	6.32877088		4.392317423		-1.936453457
mir432 	91	88	3104		6.50779464	6.459431619	6.483613129		11.59991284		5.116299713
mir491 	94	82	175		6.554588852	6.357552005	6.456070428		7.451211112		0.995140684
mir654 	94	95	1857		6.554588852	6.569855608	6.56222223		10.8587581		4.29653587
mir556 	95	77	192		6.569855608	6.266786541	6.418321075		7.584962501		1.166641426
mir200c 	97	80	52		6.599912842	6.321928095	6.460920469		5.700439718		-0.76048075
mir5683 	97	97	258		6.599912842	6.599912842	6.599912842		8.011227255		1.411314413
mir92b 	100	128	71		6.64385619	7	6.821928095		6.14974712		-0.672180975
mir4636 	103	62	14		6.686500527	5.95419631	6.320348419		3.807354922		-2.512993497
mir942 	109	125	46		6.768184325	6.965784285	6.866984305		5.523561956		-1.343422349
mir625 	114	107	1		6.832890014	6.741466986	6.7871785		0		-6.7871785
mir22 	117	113	606		6.87036472	6.820178962	6.845271841		9.243173983		2.397902142
mir23b 	121	153	131		6.918863237	7.257387843	7.08812554		7.033423002		-0.054702538
mir548b 	129	110	19		7.011227255	6.781359714	6.896293484		4.247927513		-2.648365971
mir449a 	130	135	14		7.022367813	7.076815597	7.049591705		3.807354922		-3.242236783
mir454 	135	140	23		7.076815597	7.129283017	7.103049307		4.523561956		-2.579487351
mir39132 	135	132	219		7.076815597	7.044394119	7.060604858		7.77478706		0.714182201
mir39131 	137	132	227		7.098032083	7.044394119	7.071213101		7.826548487		0.755335386
mir409 	144	167	3510		7.169925001	7.383704292	7.276814647		11.77725532		4.500440668
mir590 	145	98	10		7.17990909	6.614709844	6.897309467		3.321928095		-3.575381372
mir3074 	148	663	89		7.209453366	9.37286506	8.291159213		6.475733431		-1.815425782
mir664 	151	111	885		7.238404739	6.794415866	7.016410303		9.789533645		2.773123342
mir4521 	155	209	69		7.276124405	7.707359132	7.491741769		6.108524457		-1.383217312
mir548n 	156	145	8		7.285402219	7.17990909	7.232655654		3		-4.232655654
mir4791 	156	96	154		7.285402219	6.584962501	6.93518236		7.266786541		0.331604181
mir382 	157	117	4120		7.294620749	6.87036472	7.082492734		12.00842862		4.925935888
mir449c 	158	182	9		7.303780748	7.50779464	7.405787694		3.169925001		-4.235862693
mir31 	182	226	3434		7.50779464	7.820178962	7.663986801		11.74567432		4.081687523
mir150 	184	159	3203		7.523561956	7.312882955	7.418222456		11.64520808		4.226985627
mir2682 	191	168	1		7.577428828	7.392317423	7.484873125		0		-7.484873125
mir214 	194	194	3946		7.599912842	7.599912842	7.599912842		11.94617524		4.346262399
mir224 	203	267	685		7.665335917	8.060695932	7.863015924		9.419960178		1.556944253
mir502 	208	214	23		7.700439718	7.741466986	7.720953352		4.523561956		-3.197391396
mir576 	214	277	92		7.741466986	8.113742166	7.927604576		6.523561956		-1.40404262
mir876 	217	205	1		7.761551232	7.6794801	7.720515666		0		-7.720515666
mir212 	219	233	1163		7.77478706	7.864186145	7.819486602		10.18363538		2.364148779
mir592 	233	283	17		7.864186145	8.144658243	8.004422194		4.087462841		-3.916959352
mir330 	239	218	259		7.900866808	7.768184325	7.834525566		8.016808288		0.182282721
mir221 	246	205	2125		7.942514505	7.6794801	7.810997302		11.05324713		3.242249823
mir1250 	256	323	9		8	8.335390355	8.167695177		3.169925001		-4.997770176
mir1306 	261	222	34		8.027905997	7.794415866	7.911160931		5.087462841		-2.82369809
mir628 	269	181	206		8.071462363	7.499845887	7.785654125		7.686500527		-0.099153598
mir144 	276	456	955		8.108524457	8.832890014	8.470707235		9.899356923		1.428649687
mir2277 	293	291	147		8.194756854	8.184875343	8.189816099		7.199672345		-0.990143754
mir1252 	299	256	7		8.224001674	8	8.112000837		2.807354922		-5.304645915
mir452 	307	239	4600		8.262094845	7.900866808	8.081480827		12.16741815		4.085937319
mir877 	318	275	204		8.312882955	8.103287808	8.208085382		7.672425342		-0.53566004
mir885 	330	349	1		8.366322214	8.447083226	8.40670272		0		-8.40670272
mir2110 	338	342	677		8.400879436	8.417852515	8.409365976		9.403012024		0.993646048
mir134 	351	218	15523		8.45532722	7.768184325	8.111755773		13.92211978		5.810364009
mir548k 	355	361	131		8.471675214	8.495855027	8.483765121		7.033423002		-1.450342119
mir1246 	370	234	115		8.531381461	7.87036472	8.20087309		6.845490051		-1.355383039
mir127 	385	395	7071		8.588714636	8.625708843	8.607211739		12.78769854		4.180486805
mir378d2 	391	270	6215		8.611024797	8.076815597	8.343920197		12.60153868		4.257618479
mir499a 	395	398	553		8.625708843	8.636624621	8.631166732		9.11113567		0.479968938
mir1179 	402	442	4		8.651051691	8.787902559	8.719477125		2		-6.719477125
mir25   	403	518	358		8.654636029	9.016808288	8.835722158		8.483815777		-0.351906381
mir301a 	413	435	26		8.689997971	8.764871591	8.727434781		4.700439718		-4.026995063
mir618 	413	419	134		8.689997971	8.710806434	8.700402203		7.06608919		-1.634313012
mir493 	450	538	649		8.813781191	9.071462363	8.942621777		9.342074668		0.399452891
mir503 	458	430	3967		8.839203788	8.74819285	8.793698319		11.95383268		3.160134363
mir33a 	462	415	246		8.851749041	8.696967526	8.774358284		7.942514505		-0.831843778
mir504 	466	400	419		8.864186145	8.64385619	8.754021167		8.710806434		-0.043214734
mir193a 	468	363	4032		8.87036472	8.503825738	8.687095229		11.97727992		3.290184695
mir331 	490	498	186		8.936637939	8.960001932	8.948319936		7.539158811		-1.409161124
mir190a 	515	503	342		9.008428622	8.97441459	8.991421606		8.417852515		-0.573569091
mir141 	530	413	284		9.049848549	8.689997971	8.86992326		8.14974712		-0.720176141
mir501 	537	538	44		9.068778278	9.071462363	9.07012032		5.459431619		-3.610688702
mir589 	544	509	294		9.087462841	8.991521846	9.039492344		8.199672345		-0.839819999
mir132 	544	744	2916		9.087462841	9.539158811	9.313310826		11.509775		2.196464178
mir378i 	554	601	8694		9.113742166	9.231221181	9.172481673		13.08580438		3.913322707
mir196b 	570	479	2465		9.154818109	8.903881846	9.029349977		11.26737193		2.238021954
mir142 	570	449	3971		9.154818109	8.810571635	8.982694872		11.95528665		2.972591774
mir215 	579	504	397		9.177419538	8.977279923	9.077349731		8.632995197		-0.444354534
mir1287 	604	611	861		9.238404739	9.25502857	9.246716655		9.749869427		0.503152773
mir671 	605	621	1		9.240791332	9.278449458	9.259620395		0		-9.259620395
mir130b 	619	3334	95		9.273795599	11.70303839	10.48841699		6.569855608		-3.918561386
mir1271 	623	624	918		9.283088353	9.285402219	9.284245286		9.842350343		0.558105057
mir4454 	629	388	236		9.296916207	8.599912842	8.948414525		7.882643049		-1.065771475
mir28 	631	446	5006		9.301496195	8.8008999	9.051198047		12.28944258		3.238244528
mir455 	683	705	16001		9.415741768	9.461479447	9.438610608		13.96587445		4.527263842
mir652 	699	804	32		9.449148645	9.651051691	9.550100168		5		-4.550100168
mir188 	708	681	91		9.46760555	9.411510988	9.439558269		6.50779464		-2.931763629
mir155 	755	744	1616		9.560332834	9.539158811	9.549745823		10.65821148		1.10846566
mir57011 	776	661	343		9.599912842	9.368506462	9.484209652		8.422064766		-1.062144886
mir57012 	777	663	343		9.601770788	9.37286506	9.487317924		8.422064766		-1.065253158
mir338 	811	931	115		9.663558104	9.862637358	9.763097731		6.845490051		-2.91760768
mir27b 	817	654	641		9.674192268	9.353146825	9.513669547		9.324180547		-0.189489
mir135b 	849	658	299		9.729620744	9.361943774	9.545782259		8.224001674		-1.321780584
mir450a1 	970	936	4619		9.921840937	9.87036472	9.896102828		12.17336483		2.277262003
mir450a2 	975	944	4620		9.929258409	9.882643049	9.905950729		12.17367714		2.267726407
mir574 	1016	1006	1497		9.988684687	9.97441459	9.981549638		10.54785851		0.566308868
mir411 	1052	640	21022		10.03891899	9.321928095	9.680423542		14.35961231		4.679188769
mir424 	1143	954	11156		10.15860969	9.897845456	10.02822757		13.44553222		3.417304647
mir34a 	1179	1437	4376		10.203348	10.48884435	10.34609617		12.09539702		1.749300848
mir500a 	1205	1075	123		10.23481743	10.07012094	10.15246919		6.942514505		-3.209954682
mir4286 	1221	1042	1087		10.25384748	10.02513956	10.13949352		10.08613623		-0.053357299
mir324 	1237	1477	818		10.27262978	10.52845411	10.40054195		9.675957033		-0.724584915
mir242 	1256	994	2138		10.29462075	9.957102042	10.1258614		11.06204614		0.936184742
mir1292 	1336	1311	505		10.38370429	10.35645197	10.37007813		8.980139578		-1.389938554
mir1291 	1345	1329	516		10.39339046	10.37612539	10.38475792		9.011227255		-1.373530668
mir3065 	1388	1268	133		10.43879185	10.30833903	10.37356544		7.055282436		-3.318283006
mir374c 	1411	8	1		10.46250227	3	6.731251136		0		-6.731251136
mir1296 	1570	1764	591		10.61654884	10.78463485	10.70059184		9.20701432		-1.493577524
mir720 	1573	786	1841		10.61930296	9.618385502	10.11884423		10.84627391		0.727429683
mir379 	1612	1163	29059		10.65463603	10.18363538	10.41913571		14.82669744		4.407561731
mir497 	1618	2258	16148		10.65999589	11.14082977	10.90041283		13.97906787		3.07865504
mir27a 	1633	1444	4798		10.67330908	10.49585503	10.58458205		12.22821744		1.643635391
mir1468 	1681	1750	89		10.71510401	10.77313921	10.74412161		6.475733431		-4.268388177
mir1307 	1683	2012	1386		10.71681946	10.97441459	10.84561703		10.43671154		-0.408905483
mir143 	1756	3268	23341		10.77807713	11.67419227	11.2261347		14.51057875		3.284444053
mir1280 	1863	1688	1879		10.86341196	10.72109919	10.79225557		10.87574935		0.083493778
mir148b 	1977	2678	1143		10.94909716	11.38694025	11.1680187		10.15860969		-1.009409012
mir200b 	2055	1670	1165		11.00492268	10.70563239	10.85527753		10.18611424		-0.669163293
mir140 	2102	1649	7739		11.03754695	10.68737568	10.86246132		12.91793144		2.055470126
mir34c 	2292	2215	3835		11.16239133	11.11309098	11.13774116		11.90501086		0.767269706
mir196a1 	2304	2118	1712		11.169925	11.04848687	11.10920594		10.74146699		-0.367738951
mir146a 	2502	2940	67439		11.28886607	11.52160044	11.40523326		16.04129552		4.636062266
mir425 	2623	2519	3672		11.35700209	11.29863541	11.32781875		11.84235034		0.514531594
mir149 	2790	2767	1095		11.44604941	11.43410693	11.44007817		10.09671515		-1.343363013
mir629 	2806	2992	2649		11.45429929	11.54689446	11.50059688		11.37123213		-0.129364748
let7c  	2842	7843	207971		11.47269084	12.93718989	12.20494036		17.66602284		5.461082482
mir18a 	2899	2446	287		11.50133962	11.25620869	11.37877415		8.164906927		-3.213867227
mir577 	2938	2956	58		11.52061868	11.52943055	11.52502462		5.857980995		-5.667043622
mir3613 	3045	2612	896		11.57222651	11.35093918	11.46158285		9.807354922		-1.654227925
mir181c 	3059	3550	1210		11.57884439	11.79360331	11.68622385		10.24079133		-1.445432518
mir450b 	3128	3065	6295		11.6110248	11.58167136	11.59634808		12.61999066		1.023642585
mir345 	3391	3901	2244		11.72749507	11.92962828	11.82856168		11.13185696		-0.696704715
mir196a2 	3583	3109	2864		11.80695233	11.6022349	11.70459361		11.48381578		-0.220777838
mir1260b 	3627	3714	1124		11.82456103	11.8587581	11.84165956		10.13442632		-1.707233245
mir1941 	4358	3809	1452		12.08945048	11.89519657	11.99232353		10.50382574		-1.488497789
mir651 	4397	3649	536		12.10230382	11.83328544	11.96779463		9.06608919		-2.901705436
mir145 	4455	4603	51903		12.12120972	12.16835873	12.14478422		15.66353031		3.518746087
mir873 	4479	4068	7		12.12896095	11.99010396	12.05953246		2.807354922		-9.252177535
mir362 	4728	4883	873		12.20701432	12.25355206	12.23028319		9.769837844		-2.460445348
mir484 	4879	5347	1901		12.25236977	12.38451396	12.31844186		10.89254282		-1.425899048
let7e 	5185	7211	9046		12.34012827	12.81598363	12.57805595		13.14306428		0.56500833
mir744 	5286	4738	8156		12.36796071	12.21006248	12.2890116		12.99364606		0.704634464
mir125b2 	5297	4580	238300		12.37095979	12.16113188	12.26604584		17.86241943		5.596373588
mir125b1 	5480	4807	239823		12.41996018	12.23092109	12.32544063		17.8716105		5.546169867
mir126 	5775	4486	10248		12.49560523	12.13121391	12.31340957		13.32305476		1.009645192
mir190b 	5827	5418	435		12.5085376	12.40354468	12.45604114		8.764871591		-3.691169546
mir139 	5827	6118	3359		12.5085376	12.57884439	12.54369099		11.71381608		-0.829874913
mir199a1 	6280	6572	125386		12.61654884	12.68211676	12.6493328		16.93601675		4.286683943
mir199a2 	6280	6581	125393		12.61654884	12.68409111	12.65031998		16.93609729		4.285777312
mir106a 	6359	5926	827		12.63458419	12.53284291	12.58371355		9.691743519		-2.891970033
mir99a 	6492	6642	1046267		12.66444728	12.69740201	12.68092465		19.99681963		7.315894988
mir195 	6855	6259	32127		12.74294095	12.61171646	12.67732871		14.97149865		2.294169943
mir1942 	7150	5802	2013		12.80372753	12.50233458	12.65303105		10.97513146		-1.677899596
mir181b1 	7445	8316	5737		12.86205613	13.02167404	12.94186509		12.4860808		-0.455784286
mir200a 	7609	6867	1797		12.89349115	12.74546425	12.8194777		10.81137469		-2.008103004
mir151a 	7924	7956	1586		12.95201316	12.95782756	12.95492036		10.63117706		-2.323743307
mir2182 	8157	9561	5889		12.99382294	13.2229458	13.10838437		12.52380696		-0.584577412
mir2181 	8172	9546	5896		12.99647349	13.22068062	13.10857705		12.52552081		-0.583056246
mir199b 	8382	8475	269645		13.03307881	13.04899765	13.04103823		18.04070176		4.999663527
mir15b 	8716	6893	1179		13.08945048	12.7509163	12.92018339		10.203348		-2.716835388
mir185 	8923	8441	17230		13.12331312	13.04319821	13.08325567		14.07263508		0.989379414
mir15a 	9102	9524	1223		13.15196787	13.21735191	13.18465989		10.25620869		-2.9284512
mir181b2 	9165	10223	6315		13.16191917	13.31953101	13.24072509		12.62456702		-0.616158067
mir339 	9320	10006	1656		13.18611424	13.28857774	13.23734599		10.69348696		-2.543859031
mir20b 	10212	9633	1040		13.31797782	13.23376945	13.27587364		10.02236781		-3.253505823
mir423 	10237	11280	13839		13.32150537	13.46147945	13.39149241		13.75645208		0.36495967
mir100 	10839	9698	246616		13.40394404	13.24347154	13.32370779		17.91190688		4.588199087
mir1260a 	11131	8507	12750		13.44229559	13.05443474	13.24836516		13.63820963		0.389844463
mir148a 	11432	12735	7097		13.4807902	13.63651134	13.55865077		12.79299359		-0.765657179
mir361 	11524	10889	4832		13.49235395	13.41058385	13.4514689		12.23840474		-1.213064158
mir32 	11646	10168	3379		13.5075469	13.31174832	13.40964761		11.72238064		-1.687266974
mir335 	11979	10002	10286		13.54821986	13.28800089	13.41811037		13.32839444		-0.089715935
let7d 	12774	19549	16097		13.64092274	14.25480719	13.94786496		13.97450422		0.026639255
mir374a 	13786	10546	7240		13.7509163	13.36440828	13.55766229		12.82177398		-0.735888309
mir374b 	14757	12602	5934		13.84911184	13.62136509	13.73523847		12.53478921		-1.200449256
mir451a 	16059	17861	101057		13.97109444	14.12452524	14.04780984		16.62480973		2.576999895
mir98 	16596	23658	7428		14.01854794	14.5300405	14.27429422		12.8587581		-1.415536119
mir125a 	17201	17137	64936		14.07020482	14.06482695	14.06751589		15.9867309		1.919215012
mir10a 	17222	18796	63464		14.07196507	14.19813805	14.13505156		15.95365083		1.818599271
mir486 	20753	21292	8600		14.34103228	14.37802385	14.35952807		13.07012094		-1.289407123
mir181d 	24205	27244	1629		14.56301747	14.73365092	14.6483342		10.66977089		-3.978563307
mir769 	24512	25639	5065		14.58120058	14.64605237	14.61362648		12.30634655		-2.307279924
mir99b 	26400	23187	49190		14.68825031	14.50102855	14.59463943		15.58607743		0.991438004
mir660 	26485	31995	1		14.69288789	14.96555885	14.82922337		0		-14.82922337
mir191 	27583	27543	82171		14.75149176	14.74939809	14.75044492		16.3263417		1.575896782
mir30b 	31869	35484	19390		14.95986613	15.11488103	15.03737358		14.24302518		-0.794348396
mir192 	33072	31530	6519		15.01332267	14.94443755	14.97888011		12.67043496		-2.308445152
mir708 	33422	29464	6637		15.02851045	14.84666568	14.93758806		12.69631556		-2.241272506
mir146b 	35420	34548	238487		15.11227659	15.07631457	15.09429558		17.8635511		2.769255518
mir73 	37064	41166	2530		15.17773097	15.32916565	15.25344831		11.30492167		-3.94852664
mir93 	37976	32607	4792		15.21280033	14.99289409	15.10284721		12.22641219		-2.87643502
mir91 	37999	32593	4797		15.21367383	14.99227453	15.10297418		12.22791672		-2.875057457
mir92 	38004	32608	4779		15.21386365	14.99293834	15.10340099		12.22249305		-2.880907942
mir186 	38254	41846	32119		15.22332299	15.3528021	15.28806255		14.97113936		-0.316923191
mir71 	38891	42862	2647		15.24714871	15.38741155	15.31728013		11.37014248		-3.94713765
mir181a2 	40075	42988	56676		15.2904149	15.39164637	15.34103064		15.79045032		0.449419686
mir181a1 	40081	43034	56675		15.29063088	15.39318932	15.3419101		15.79042487		0.448514762
mir72 	41307	44054	2619		15.33409867	15.4269854	15.38054203		11.35480034		-4.025741687
mir162 	42897	39251	8769		15.38858914	15.26044179	15.32451546		13.09819661		-2.226318848
mir161 	44062	40593	8869		15.42724736	15.30894334	15.36809535		13.11455573		-2.253539622
mir30c1 	47264	47797	34178		15.52845411	15.54463245	15.53654328		15.06078036		-0.475762923
mir30c2 	47349	47817	34234		15.53104634	15.545236	15.53814117		15.06314225		-0.474998917
mir106b 	58852	60294	10021		15.84480382	15.87972682	15.86226532		13.29073886		-2.571526461
mir532 	70469	80219	13360		16.10470112	16.29165636	16.19817874		13.70563239		-2.492546354
mir26b 	93049	119106	82242		16.50570303	16.86188657	16.6837948		16.32758773		-0.356207067
mir340 	95832	100347	12520		16.54821986	16.61463796	16.58142891		13.61194694		-2.969481967
mir17 	101343	90237	36811		16.62888692	16.46143148	16.5451592		15.16784932		-1.377309879
mir96 	115295	130494	2534		16.81497042	16.99362395	16.90429719		11.30720081		-5.597096377
let7b 	116734	171479	302335		16.8328653	17.38767238	17.11026884		18.20578848		1.095519637
let7g  	131544	225267	314936		17.00518592	17.78127646	17.39323119		18.26469915		0.871467965
mir30e 	161441	185195	80531		17.30064749	17.49868562	17.39966656		16.29725663		-1.102409929
let7a2 	162461	274079	123544		17.3097339	18.06423227	17.68698309		16.91466542		-0.772317664
let7a3 	162719	274982	123610		17.31202319	18.06897766	17.69050043		16.91543594		-0.77506449
let7a1 	162960	274877	123773		17.31415836	18.06842667	17.69129252		16.91733711		-0.773955403
mir93 	172650	153917	23495		17.39749081	17.23179306	17.31464193		14.52006615		-2.794575787
mir30a 	214938	237091	497193		17.71356104	17.85508137	17.78432121		18.92344646		1.139125252
let7i 	252180	377449	336289		17.94409434	18.5259222	18.23500827		18.35934206		0.124333796
mir20a 	254909	224908	67674		17.95962279	17.77897545	17.86929912		16.04631404		-1.822985076
mir26a2 	300045	402172	319129		18.19481936	18.61745312	18.40613624		18.28378019		-0.12235605
mir26a1 	300046	402152	319097		18.19482417	18.61738137	18.40610277		18.28363552		-0.122467251
let7f1 	311601	514558	155314		18.24934034	18.97297418	18.61115726		17.24482835		-1.366328904
let7f2 	332089	543944	159038		18.34121041	19.05309861	18.69715451		17.27901199		-1.418142514
mir30d 	355751	398267	181389		18.44050829	18.60337642	18.52194235		17.46872744		-1.053214909
mir183 	399905	462085	4677		18.60929779	18.81779873	18.71354826		12.19136771		-6.52218055
mir10b 	526558	595557	376276		19.00623293	19.18388007	19.0950565		18.52143175		-0.57362475
mir182 	883476	1179726	14023		19.75283142	20.17002039	19.9614259		13.7755074		-6.185918501
mir21 	928515	1117172	1222526		19.82456569	20.09141989	19.95799279		20.22143372		0.263440927
